0,449
0,448
0,447
0,446
0,445
0,444
0,443
0,442
46,3
46,2
0,441
46,1
46,0
0,440
0,439
0,438
0,437
0,436
0,435
0,434
0,433
0,432
0,431
0,430
45,3
45,2
0,429
0,428
45,1
45,0
0,427
0,426
0,425
0,424
0,423
0,422
0,421
0,420
0,419
0,418
0,417
44,3
44,2
0,416
0,415
44,1
44,0
0,414
0,413
0,412
0,411
0,410
0,409
0,408
0,407
0,406
0,405
0,404
43,3
43,2
0,403
0,386
43,1
43,0
42,3
42,2
42,1
42,0
41,3
41,2
41,1
41,0
40,3
40,2
40,1
40,0
0,278
39,3
39,2
0,9
39,1
39,0
3,1
3,3
10,107
10,173
10,299
10,305
10,315
10,69
10,247
10,313
9,5
9,1
9,7
8,12
8,18
8,17
